>>> 
1
1.5
1.416666666666666666666666666666666666666666666666666666666666666666666666666666666666666666666666667
1.414215686274509803921568627450980392156862745098039215686274509803921568627450980392156862745098039
1.414213562374689910626295578890134910116559622115744044584905019200054371835389268358990043157644340
1.414213562373095048801689623502530243614981925776197428498289498623195824228923621784941836735830357
1.414213562373095048801688724209698078569671875377234001561013133113265255630339978531787161250710475
1.414213562373095048801688724209698078569671875376948073176679737990732478462107038850387534327641601
1.414213562373095048801688724209698078569671875376948073176679737990732478462107038850387534327641573
1.414213562373095048801688724209698078569671875376948073176679737990732478462107038850387534327641573
>>> 