1 1 1 1
1.4 1.7 2.38 2.4
1.41 1.73 2.4393 2.44
1.414 1.732 2.449048 2.449
1.4142 1.732 2.4493944 2.4494
1.41421 1.73205 2.4494824305 2.44948
1.414213 1.73205 2.44948762665 2.449489
1.4142135 1.7320508 2.44948962404580 2.4494897
1.41421356 1.7320508 2.449489727968848 2.44948974
1.414213562 1.732050807 2.449489741332444534 2.449489742
1.4142135623 1.7320508075 2.44948974255916655725 2.4494897427
1.41421356237 1.73205080756 2.4494897427652629275172 2.44948974278
1.414213562373 1.732050807568 2.449489742781772788438864 2.449489742783
1.414213562373 1.7320508075688 2.4494897427829041592887624 2.4494897427831
1.41421356237309 1.73205080756887 2.449489742783159038810809708 2.44948974278317
1.414213562373095 1.732050807568877 2.449489742783177598559784164 2.449489742783178
1.414213562373095 1.7320508075688772 2.449489742783177881402496639 2.449489742783178
1.41421356237309504 1.73205080756887729 2.449489742783178077963749555 2.44948974278317809
1.414213562373095048 1.732050807568877293 2.449489742783178096062796703 2.449489742783178098
1.4142135623730950488 1.7320508075688772935 2.449489742783178098155544130 2.4494897427831780981
>>> 