>>> 
1 2 1
1.4 2.8 2.8
1.41 2.82 2.82
1.414 2.828 2.828
1.4142 2.8284 2.8284
1.41421 2.82842 2.82842
1.414213 2.828426 2.828427
1.4142135 2.8284270 2.8284271
1.41421356 2.82842712 2.82842712
1.414213562 2.828427124 2.828427124
1.4142135623 2.8284271246 2.8284271247
1.41421356237 2.82842712474 2.82842712474
1.414213562373 2.828427124746 2.828427124746
1.414213562373 2.828427124746 2.8284271247461
1.41421356237309 2.82842712474618 2.82842712474619
1.414213562373095 2.828427124746190 2.82842712474619
1.414213562373095 2.828427124746190 2.82842712474619
1.41421356237309504 2.82842712474619008 2.82842712474619009
1.414213562373095048 2.828427124746190096 2.828427124746190097
1.4142135623730950488 2.8284271247461900976 2.8284271247461900976
>>> 